image: office_24mar.pgm
resolution: 0.050000
origin: [-14.400000, -17.653841, 0.000000]
negate: 0
occupied_thresh: 0.65
free_thresh: 0.196

