image: patio_23feb.pgm
resolution: 0.050000
origin: [-20.665169, -9.700000, 0.000000]
negate: 0
occupied_thresh: 0.65
free_thresh: 0.196

