image: walker.pgm
resolution: 0.050000
origin: [-33.402829, -14.750000, 0.000000]
negate: 0
occupied_thresh: 0.65
free_thresh: 0.196

