image: wg_map.pgm
resolution: 0.050000
origin: [-7.164697, -5.224796, 0.000000]
negate: 0
occupied_thresh: 0.65
free_thresh: 0.196

